672
674
675
676
677
678
679
680
681
682
683
684
685
686
687
688
689
690
691
692
693
348
349
350
351
352
353
354
355
356
357
358
359
360
390
363
362
365
364
367
366
369
368
371
370
373
372
375
374
377
376
379
378
381
380
383
382
385
384
387
386
389
388
361
1229
1172
1166
1167
1168
1228
1227
1226
1223
1215
1214
1221
1220
956
962
963
964
965
966
961
968
967
1222
1176
1177
1178
1179
1180
1181
1182
1183
1184
1185
4
0
1
988
989
991
990
987
969
970
958
957
986
977
976
978
983
984
985
1044
992
993
994
998
999
1000
1006
1004
1003
1005
1008
1010
427
429
430
431
432
433
434
12
5
435
7
455
438
437
440
439
442
441
444
443
446
445
448
447
450
449
452
451
454
453
436
6
8
9
997
996
995
1002
1001
1009
422
423
424
425
420
20
13
15
14
16
17
469
470
471
467
28
21
23
22
24
25
40
30
32
31
33
35
34
29
36
37
47
43
44
416
52
48
49
407
408
57
53
54
418
419
62
58
59
71
63
65
64
66
67
68
1007
76
72
73
84
77
79
78
80
81
92
85
87
86
88
89
97
93
94
481
105
98
100
99
101
102
110
106
107
118
111
113
112
114
115
126
119
121
120
122
123
130
127
137
131
133
132
134
140
138
495
496
497
171
167
168
488
489
179
172
174
173
175
176
183
180
494
490
492
190
184
186
185
187
193
191
197
194
550
552
553
554
555
220
199
201
200
202
205
206
207
209
211
213
198
216
217
524
525
526
527
528
529
232
556
557
231
230
222
224
221
226
227
544
240
233
235
500
502
501
504
503
234
236
237
531
532
533
534
535
245
241
242
537
538
539
540
541
542
543
249
246
514
515
516
517
518
519
520
521
522
257
250
252
251
253
254
545
548
261
258
265
262
560
561
562
563
564
565
566
567
568
269
266
583
584
285
271
272
273
276
279
280
270
281
282
580
581
569
570
295
288
290
289
291
292
571
303
296
298
297
299
300
308
304
305
572
573
316
309
311
310
312
313
328
327
317
318
323
324
322
321
320
319
788
784
785
586
796
789
791
790
792
793
800
797
803
801
813
811
810
804
806
805
807
820
814
816
815
817
827
821
823
822
824
834
828
830
829
831
587
841
835
837
836
838
845
842
852
846
848
847
849
855
853
865
863
879
877
862
856
858
857
859
869
866
876
870
872
871
873
883
880
589
890
884
886
885
887
897
891
893
892
894
901
898
603
910
903
902
904
905
906
907
917
911
913
912
914
922
918
919
694
755
697
696
699
698
701
700
703
702
705
704
707
706
709
708
711
710
713
712
715
714
717
716
719
718
721
720
723
722
725
724
727
726
729
728
731
730
733
732
735
734
737
736
739
740
738
744
745
743
749
750
748
754
753
695
604
930
923
925
924
926
927
934
931
941
935
937
936
938
944
942
652
653
654
656
657
658
659
660
661
662
663
664
665
666
667
668
948
945
955
949
951
950
952
426
582
585
549
1206
1191
1190
1193
1192
1189
1194
1195
1196
1197
1198
1188
1187
975
973
974
972
971
161
166
164
160
159
158
163
162
157
156
155
154
165
330
331
332
333
334
335
336
339
340
341
342
344
345
329
338
343
409
410
411
412
413
414
415
456
457
458
459
460
461
462
463
464
465
466
482
476
477
478
479
505
506
508
509
507
510
511
512
513
536
574
575
576
577
578
579
618
619
620
633
634
635
636
637
628
629
630
631
632
606
608
610
611
612
613
614
638
617
669
742
741
747
746
752
751
1169
1171
1170
1174
1173
1175
1225
1224
1219
1217
1218
1216
1186
1213
1211
1208
1207
1142
